        TIME,    TIDE,      OB,   SURGE,    BIAS,     TWL,SURGE90p,  TWL90p,SURGE10p,   TWL10p
202603171800,   8.056,   7.166,   0.900,  -1.790,   7.166,   0.800,   7.066,   1.000,   7.266
202603171806,   8.090,9999.000,9999.000,9999.000,9999.000,9999.000,9999.000,9999.000,9999.000
202603171812,   8.115,   7.258,9999.000,9999.000,9999.000,9999.000,9999.000,9999.000,9999.000
202603171818,   8.130,9999.000,9999.000,9999.000,9999.000,9999.000,9999.000,9999.000,9999.000
202603171824,   8.136,   7.307,9999.000,9999.000,9999.000,9999.000,9999.000,9999.000,9999.000
202603171830,   8.131,9999.000,9999.000,9999.000,9999.000,9999.000,9999.000,9999.000,9999.000
202603171836,   8.116,   7.317,9999.000,9999.000,9999.000,9999.000,9999.000,9999.000,9999.000
202603171842,   8.089,9999.000,9999.000,9999.000,9999.000,9999.000,9999.000,9999.000,9999.000
202603171848,   8.051,   7.278,9999.000,9999.000,9999.000,9999.000,9999.000,9999.000,9999.000
202603171854,   8.002,9999.000,9999.000,9999.000,9999.000,9999.000,9999.000,9999.000,9999.000
202603171900,   7.942,9999.000,   0.900,9999.000,   8.842,   0.800,   8.742,   0.900,   8.842
202603171906,   7.872,   7.127,9999.000,9999.000,9999.000,9999.000,9999.000,9999.000,9999.000
202603171912,   7.790,   7.078,9999.000,9999.000,9999.000,9999.000,9999.000,9999.000,9999.000
202603171918,   7.699,   6.999,9999.000,9999.000,9999.000,9999.000,9999.000,9999.000,9999.000
202603171924,   7.599,   6.937,9999.000,9999.000,9999.000,9999.000,9999.000,9999.000,9999.000
202603171930,   7.490,   6.838,9999.000,9999.000,9999.000,9999.000,9999.000,9999.000,9999.000
202603171936,   7.374,   6.756,9999.000,9999.000,9999.000,9999.000,9999.000,9999.000,9999.000
202603171942,   7.250,   6.648,9999.000,9999.000,9999.000,9999.000,9999.000,9999.000,9999.000
202603171948,   7.121,   6.546,9999.000,9999.000,9999.000,9999.000,9999.000,9999.000,9999.000
202603171954,   6.986,   6.448,9999.000,9999.000,9999.000,9999.000,9999.000,9999.000,9999.000
202603172000,   6.847,   6.346,   0.800,  -1.301,   6.346,   0.800,   6.346,   0.900,   6.446
202603172006,   6.705,   6.228,9999.000,9999.000,9999.000,9999.000,9999.000,9999.000,9999.000
202603172012,   6.561,   6.107,9999.000,9999.000,9999.000,9999.000,9999.000,9999.000,9999.000
202603172018,   6.414,   5.989,9999.000,9999.000,9999.000,9999.000,9999.000,9999.000,9999.000
202603172024,   6.267,   5.867,9999.000,9999.000,9999.000,9999.000,9999.000,9999.000,9999.000
202603172030,   6.119,   5.759,9999.000,9999.000,9999.000,9999.000,9999.000,9999.000,9999.000
202603172036,   5.971,   5.628,9999.000,9999.000,9999.000,9999.000,9999.000,9999.000,9999.000
202603172042,   5.824,   5.487,9999.000,9999.000,9999.000,9999.000,9999.000,9999.000,9999.000
202603172048,   5.677,   5.369,9999.000,9999.000,9999.000,9999.000,9999.000,9999.000,9999.000
202603172054,   5.532,   5.247,9999.000,9999.000,9999.000,9999.000,9999.000,9999.000,9999.000
202603172100,   5.387,   5.129,   0.800,  -1.058,   5.129,   0.800,   5.129,   0.900,   5.229
202603172106,   5.244,   5.008,9999.000,9999.000,9999.000,9999.000,9999.000,9999.000,9999.000
202603172112,   5.103,   4.900,9999.000,9999.000,9999.000,9999.000,9999.000,9999.000,9999.000
202603172118,   4.963,   4.788,9999.000,9999.000,9999.000,9999.000,9999.000,9999.000,9999.000
202603172124,   4.824,   4.677,9999.000,9999.000,9999.000,9999.000,9999.000,9999.000,9999.000
202603172130,   4.687,   4.559,9999.000,9999.000,9999.000,9999.000,9999.000,9999.000,9999.000
202603172136,   4.552,   4.427,9999.000,9999.000,9999.000,9999.000,9999.000,9999.000,9999.000
202603172142,   4.417,   4.319,9999.000,9999.000,9999.000,9999.000,9999.000,9999.000,9999.000
202603172148,   4.284,   4.208,9999.000,9999.000,9999.000,9999.000,9999.000,9999.000,9999.000
202603172154,   4.153,   4.109,9999.000,9999.000,9999.000,9999.000,9999.000,9999.000,9999.000
202603172200,   4.023,   3.998,   0.800,  -0.825,   3.998,   0.700,   3.898,   0.800,   3.998
202603172206,   3.894,   3.880,9999.000,9999.000,9999.000,9999.000,9999.000,9999.000,9999.000
202603172212,   3.766,   3.768,9999.000,9999.000,9999.000,9999.000,9999.000,9999.000,9999.000
202603172218,   3.640,   3.660,9999.000,9999.000,9999.000,9999.000,9999.000,9999.000,9999.000
202603172224,   3.516,   3.558,9999.000,9999.000,9999.000,9999.000,9999.000,9999.000,9999.000
202603172230,   3.393,   3.460,9999.000,9999.000,9999.000,9999.000,9999.000,9999.000,9999.000
202603172236,   3.272,   3.358,9999.000,9999.000,9999.000,9999.000,9999.000,9999.000,9999.000
202603172242,   3.153,   3.250,9999.000,9999.000,9999.000,9999.000,9999.000,9999.000,9999.000
202603172248,   3.035,   3.148,9999.000,9999.000,9999.000,9999.000,9999.000,9999.000,9999.000
202603172254,   2.919,   3.060,9999.000,9999.000,9999.000,9999.000,9999.000,9999.000,9999.000
202603172300,   2.804,   2.948,   0.700,  -0.556,   2.948,   0.700,   2.948,   0.800,   3.048
202603172306,   2.691,   2.840,9999.000,9999.000,9999.000,9999.000,9999.000,9999.000,9999.000
202603172312,   2.579,   2.738,9999.000,9999.000,9999.000,9999.000,9999.000,9999.000,9999.000
202603172318,   2.469,   2.640,9999.000,9999.000,9999.000,9999.000,9999.000,9999.000,9999.000
202603172324,   2.359,   2.548,9999.000,9999.000,9999.000,9999.000,9999.000,9999.000,9999.000
202603172330,   2.251,   2.459,9999.000,9999.000,9999.000,9999.000,9999.000,9999.000,9999.000
202603172336,   2.143,   2.358,9999.000,9999.000,9999.000,9999.000,9999.000,9999.000,9999.000
202603172342,   2.036,   2.259,9999.000,9999.000,9999.000,9999.000,9999.000,9999.000,9999.000
202603172348,   1.929,   2.158,9999.000,9999.000,9999.000,9999.000,9999.000,9999.000,9999.000
202603172354,   1.822,9999.000,9999.000,9999.000,9999.000,9999.000,9999.000,9999.000,9999.000
202603180000,   1.716,   1.859,   0.700,  -0.557,   1.859,   0.700,   1.859,   0.700,   1.859
202603180006,   1.610,   1.859,9999.000,9999.000,9999.000,9999.000,9999.000,9999.000,9999.000
202603180012,   1.505,   1.758,9999.000,9999.000,9999.000,9999.000,9999.000,9999.000,9999.000
202603180018,   1.401,   1.659,9999.000,9999.000,9999.000,9999.000,9999.000,9999.000,9999.000
202603180024,   1.298,   1.571,9999.000,9999.000,9999.000,9999.000,9999.000,9999.000,9999.000
202603180030,   1.196,   1.479,9999.000,9999.000,9999.000,9999.000,9999.000,9999.000,9999.000
202603180036,   1.098,   1.380,9999.000,9999.000,9999.000,9999.000,9999.000,9999.000,9999.000
202603180042,   1.002,   1.298,9999.000,9999.000,9999.000,9999.000,9999.000,9999.000,9999.000
202603180048,   0.912,   1.200,9999.000,9999.000,9999.000,9999.000,9999.000,9999.000,9999.000
202603180054,   0.826,   1.098,9999.000,9999.000,9999.000,9999.000,9999.000,9999.000,9999.000
202603180100,   0.747,   1.020,   0.700,  -0.427,   1.020,   0.700,   1.020,   0.700,   1.020
202603180106,   0.677,   0.951,9999.000,9999.000,9999.000,9999.000,9999.000,9999.000,9999.000
202603180112,   0.615,   0.869,9999.000,9999.000,9999.000,9999.000,9999.000,9999.000,9999.000
202603180118,   0.565,   0.751,9999.000,9999.000,9999.000,9999.000,9999.000,9999.000,9999.000
202603180124,   0.526,   0.688,9999.000,9999.000,9999.000,9999.000,9999.000,9999.000,9999.000
202603180130,   0.502,   0.600,9999.000,9999.000,9999.000,9999.000,9999.000,9999.000,9999.000
202603180136,   0.492,   0.518,9999.000,9999.000,9999.000,9999.000,9999.000,9999.000,9999.000
202603180142,   0.498,   0.439,9999.000,9999.000,9999.000,9999.000,9999.000,9999.000,9999.000
202603180148,   0.521,   0.350,9999.000,9999.000,9999.000,9999.000,9999.000,9999.000,9999.000
202603180154,   0.562,   0.288,9999.000,9999.000,9999.000,9999.000,9999.000,9999.000,9999.000
202603180200,   0.622,   0.229,   0.700,  -1.093,   0.229,   0.700,   0.229,   0.700,   0.229
202603180206,   0.700,   0.170,9999.000,9999.000,9999.000,9999.000,9999.000,9999.000,9999.000
202603180212,   0.798,   0.078,9999.000,9999.000,9999.000,9999.000,9999.000,9999.000,9999.000
202603180218,   0.915,   0.049,9999.000,9999.000,9999.000,9999.000,9999.000,9999.000,9999.000
202603180224,   1.051,   0.029,9999.000,9999.000,9999.000,9999.000,9999.000,9999.000,9999.000
202603180230,   1.205,   0.029,9999.000,9999.000,9999.000,9999.000,9999.000,9999.000,9999.000
202603180236,   1.376,   0.049,9999.000,9999.000,9999.000,9999.000,9999.000,9999.000,9999.000
202603180242,   1.564,   0.141,9999.000,9999.000,9999.000,9999.000,9999.000,9999.000,9999.000
202603180248,   1.766,   0.331,9999.000,9999.000,9999.000,9999.000,9999.000,9999.000,9999.000
202603180254,   1.981,   0.600,9999.000,9999.000,9999.000,9999.000,9999.000,9999.000,9999.000
202603180300,   2.207,   0.928,   0.600,  -1.879,   0.928,   0.600,   0.928,   0.700,   1.028
202603180306,   2.444,   1.269,9999.000,9999.000,9999.000,9999.000,9999.000,9999.000,9999.000
202603180312,   2.687,   1.580,9999.000,9999.000,9999.000,9999.000,9999.000,9999.000,9999.000
202603180318,   2.937,   1.889,9999.000,9999.000,9999.000,9999.000,9999.000,9999.000,9999.000
202603180324,   3.189,   2.177,9999.000,9999.000,9999.000,9999.000,9999.000,9999.000,9999.000
202603180330,   3.443,   2.489,9999.000,9999.000,9999.000,9999.000,9999.000,9999.000,9999.000
202603180336,   3.697,   2.807,9999.000,9999.000,9999.000,9999.000,9999.000,9999.000,9999.000
202603180342,   3.949,   3.119,9999.000,9999.000,9999.000,9999.000,9999.000,9999.000,9999.000
202603180348,   4.197,   3.450,9999.000,9999.000,9999.000,9999.000,9999.000,9999.000,9999.000
202603180354,   4.439,   3.788,9999.000,9999.000,9999.000,9999.000,9999.000,9999.000,9999.000
202603180400,   4.675,   4.109,   0.600,  -1.166,   4.109,   0.600,   4.109,   0.700,   4.209
202603180406,   4.903,   4.408,9999.000,9999.000,9999.000,9999.000,9999.000,9999.000,9999.000
202603180412,   5.123,   4.690,9999.000,9999.000,9999.000,9999.000,9999.000,9999.000,9999.000
202603180418,   5.333,   4.949,9999.000,9999.000,9999.000,9999.000,9999.000,9999.000,9999.000
202603180424,   5.534,   5.179,9999.000,9999.000,9999.000,9999.000,9999.000,9999.000,9999.000
202603180430,   5.725,   5.379,9999.000,9999.000,9999.000,9999.000,9999.000,9999.000,9999.000
202603180436,   5.907,   5.559,9999.000,9999.000,9999.000,9999.000,9999.000,9999.000,9999.000
202603180442,   6.078,   5.730,9999.000,9999.000,9999.000,9999.000,9999.000,9999.000,9999.000
202603180448,   6.240,   5.877,9999.000,9999.000,9999.000,9999.000,9999.000,9999.000,9999.000
202603180454,   6.394,   6.028,9999.000,9999.000,9999.000,9999.000,9999.000,9999.000,9999.000
202603180500,   6.538,   6.169,   0.600,  -0.969,   6.169,   0.600,   6.169,   0.600,   6.169
202603180506,   6.675,   6.307,9999.000,9999.000,9999.000,9999.000,9999.000,9999.000,9999.000
202603180512,   6.804,   6.438,9999.000,9999.000,9999.000,9999.000,9999.000,9999.000,9999.000
202603180518,   6.925,   6.556,9999.000,9999.000,9999.000,9999.000,9999.000,9999.000,9999.000
202603180524,   7.040,   6.658,9999.000,9999.000,9999.000,9999.000,9999.000,9999.000,9999.000
202603180530,   7.149,   6.766,9999.000,9999.000,9999.000,9999.000,9999.000,9999.000,9999.000
202603180536,   7.251,   6.858,9999.000,9999.000,9999.000,9999.000,9999.000,9999.000,9999.000
202603180542,   7.348,   6.947,9999.000,9999.000,9999.000,9999.000,9999.000,9999.000,9999.000
202603180548,   7.438,   7.038,9999.000,9999.000,9999.000,9999.000,9999.000,9999.000,9999.000
202603180554,   7.523,   7.117,9999.000,9999.000,9999.000,9999.000,9999.000,9999.000,9999.000
202603180600,   7.600,   7.189,   0.500,  -0.911,   7.189,   0.500,   7.189,   0.600,   7.289
202603180606,   7.672,   7.258,9999.000,9999.000,9999.000,9999.000,9999.000,9999.000,9999.000
202603180612,   7.736,   7.317,9999.000,9999.000,9999.000,9999.000,9999.000,9999.000,9999.000
202603180618,   7.792,   7.376,9999.000,9999.000,9999.000,9999.000,9999.000,9999.000,9999.000
202603180624,   7.840,   7.429,9999.000,9999.000,9999.000,9999.000,9999.000,9999.000,9999.000
202603180630,   7.879,   7.458,9999.000,9999.000,9999.000,9999.000,9999.000,9999.000,9999.000
202603180636,   7.909,   7.488,9999.000,9999.000,9999.000,9999.000,9999.000,9999.000,9999.000
202603180642,   7.929,   7.498,9999.000,9999.000,9999.000,9999.000,9999.000,9999.000,9999.000
202603180648,   7.938,   7.507,9999.000,9999.000,9999.000,9999.000,9999.000,9999.000,9999.000
202603180654,   7.936,   7.498,9999.000,9999.000,9999.000,9999.000,9999.000,9999.000,9999.000
202603180700,   7.923,   7.478,   0.500,  -0.945,   7.478,   0.500,   7.478,   0.500,   7.478
202603180706,   7.897,   7.448,9999.000,9999.000,9999.000,9999.000,9999.000,9999.000,9999.000
202603180712,   7.860,   7.399,9999.000,9999.000,9999.000,9999.000,9999.000,9999.000,9999.000
202603180718,   7.811,   7.327,9999.000,9999.000,9999.000,9999.000,9999.000,9999.000,9999.000
202603180724,   7.750,   7.248,9999.000,9999.000,9999.000,9999.000,9999.000,9999.000,9999.000
202603180730,   7.677,   7.156,9999.000,9999.000,9999.000,9999.000,9999.000,9999.000,9999.000
202603180736,   7.593,   7.048,9999.000,9999.000,9999.000,9999.000,9999.000,9999.000,9999.000
202603180742,   7.499,   6.937,9999.000,9999.000,9999.000,9999.000,9999.000,9999.000,9999.000
202603180748,   7.394,   6.809,9999.000,9999.000,9999.000,9999.000,9999.000,9999.000,9999.000
202603180754,   7.280,   6.687,9999.000,9999.000,9999.000,9999.000,9999.000,9999.000,9999.000
202603180800,   7.157,   6.546,   0.500,  -1.111,   6.546,   0.400,   6.446,   0.500,   6.546
202603180806,   7.027,   6.399,9999.000,9999.000,9999.000,9999.000,9999.000,9999.000,9999.000
202603180812,   6.890,   6.258,9999.000,9999.000,9999.000,9999.000,9999.000,9999.000,9999.000
202603180818,   6.748,   6.117,9999.000,9999.000,9999.000,9999.000,9999.000,9999.000,9999.000
202603180824,   6.600,   5.969,9999.000,9999.000,9999.000,9999.000,9999.000,9999.000,9999.000
202603180830,   6.449,   5.818,9999.000,9999.000,9999.000,9999.000,9999.000,9999.000,9999.000
202603180836,   6.295,   5.667,9999.000,9999.000,9999.000,9999.000,9999.000,9999.000,9999.000
202603180842,   6.138,   5.516,9999.000,9999.000,9999.000,9999.000,9999.000,9999.000,9999.000
202603180848,   5.980,   5.379,9999.000,9999.000,9999.000,9999.000,9999.000,9999.000,9999.000
202603180854,   5.821,   5.218,9999.000,9999.000,9999.000,9999.000,9999.000,9999.000,9999.000
202603180900,   5.662,   5.077,   0.400,  -0.985,   5.077,   0.400,   5.077,   0.500,   5.177
202603180906,   5.503,   4.949,9999.000,9999.000,9999.000,9999.000,9999.000,9999.000,9999.000
202603180912,   5.345,   4.818,9999.000,9999.000,9999.000,9999.000,9999.000,9999.000,9999.000
202603180918,   5.188,   4.677,9999.000,9999.000,9999.000,9999.000,9999.000,9999.000,9999.000
202603180924,   5.032,   4.539,9999.000,9999.000,9999.000,9999.000,9999.000,9999.000,9999.000
202603180930,   4.877,   4.418,9999.000,9999.000,9999.000,9999.000,9999.000,9999.000,9999.000
202603180936,   4.724,   4.290,9999.000,9999.000,9999.000,9999.000,9999.000,9999.000,9999.000
202603180942,   4.573,   4.168,9999.000,9999.000,9999.000,9999.000,9999.000,9999.000,9999.000
202603180948,   4.423,   4.037,9999.000,9999.000,9999.000,9999.000,9999.000,9999.000,9999.000
202603180954,   4.275,   3.919,9999.000,9999.000,9999.000,9999.000,9999.000,9999.000,9999.000
202603181000,   4.128,   3.798,   0.400,  -0.730,   3.798,   0.400,   3.798,   0.500,   3.898
202603181006,   3.984,   3.689,9999.000,9999.000,9999.000,9999.000,9999.000,9999.000,9999.000
202603181012,   3.841,   3.578,9999.000,9999.000,9999.000,9999.000,9999.000,9999.000,9999.000
202603181018,   3.700,   3.470,9999.000,9999.000,9999.000,9999.000,9999.000,9999.000,9999.000
202603181024,   3.560,   3.358,9999.000,9999.000,9999.000,9999.000,9999.000,9999.000,9999.000
202603181030,   3.423,   3.250,9999.000,9999.000,9999.000,9999.000,9999.000,9999.000,9999.000
202603181036,   3.287,   3.148,9999.000,9999.000,9999.000,9999.000,9999.000,9999.000,9999.000
202603181042,   3.154,   3.030,9999.000,9999.000,9999.000,9999.000,9999.000,9999.000,9999.000
202603181048,   3.023,   2.929,9999.000,9999.000,9999.000,9999.000,9999.000,9999.000,9999.000
202603181054,   2.894,   2.830,9999.000,9999.000,9999.000,9999.000,9999.000,9999.000,9999.000
202603181100,   2.767,   2.719,   0.400,  -0.448,   2.719,   0.400,   2.719,   0.500,   2.819
202603181106,   2.643,   2.610,9999.000,9999.000,9999.000,9999.000,9999.000,9999.000,9999.000
202603181112,   2.522,   2.509,9999.000,9999.000,9999.000,9999.000,9999.000,9999.000,9999.000
202603181118,   2.403,   2.400,9999.000,9999.000,9999.000,9999.000,9999.000,9999.000,9999.000
202603181124,   2.286,   2.309,9999.000,9999.000,9999.000,9999.000,9999.000,9999.000,9999.000
202603181130,   2.172,   2.200,9999.000,9999.000,9999.000,9999.000,9999.000,9999.000,9999.000
202603181136,   2.061,   2.109,9999.000,9999.000,9999.000,9999.000,9999.000,9999.000,9999.000
202603181142,   1.952,   2.000,9999.000,9999.000,9999.000,9999.000,9999.000,9999.000,9999.000
202603181148,   1.845,   1.899,9999.000,9999.000,9999.000,9999.000,9999.000,9999.000,9999.000
202603181154,   1.740,   1.800,9999.000,9999.000,9999.000,9999.000,9999.000,9999.000,9999.000
202603181200,   1.637,   1.708,  -0.200,   0.271,   1.708,  -0.500,   1.408,   0.300,   2.208
202603181206,   1.536,   1.610,9999.000,9999.000,9999.000,9999.000,9999.000,9999.000,9999.000
202603181212,   1.436,   1.518,9999.000,9999.000,9999.000,9999.000,9999.000,9999.000,9999.000
202603181218,   1.338,   1.420,9999.000,9999.000,9999.000,9999.000,9999.000,9999.000,9999.000
202603181224,   1.242,   1.328,9999.000,9999.000,9999.000,9999.000,9999.000,9999.000,9999.000
202603181230,   1.147,   1.239,9999.000,9999.000,9999.000,9999.000,9999.000,9999.000,9999.000
202603181236,   1.055,   1.151,9999.000,9999.000,9999.000,9999.000,9999.000,9999.000,9999.000
202603181242,   0.964,   1.049,9999.000,9999.000,9999.000,9999.000,9999.000,9999.000,9999.000
202603181248,   0.875,   0.961,9999.000,9999.000,9999.000,9999.000,9999.000,9999.000,9999.000
202603181254,   0.790,   0.859,9999.000,9999.000,9999.000,9999.000,9999.000,9999.000,9999.000
202603181300,   0.708,   0.770,  -0.200,   0.262,   0.770,  -0.500,   0.470,   0.300,   1.270
202603181306,   0.631,   0.688,9999.000,9999.000,9999.000,9999.000,9999.000,9999.000,9999.000
202603181312,   0.559,   0.600,9999.000,9999.000,9999.000,9999.000,9999.000,9999.000,9999.000
202603181318,   0.493,   0.498,9999.000,9999.000,9999.000,9999.000,9999.000,9999.000,9999.000
202603181324,   0.435,   0.419,9999.000,9999.000,9999.000,9999.000,9999.000,9999.000,9999.000
202603181330,   0.385,   0.331,9999.000,9999.000,9999.000,9999.000,9999.000,9999.000,9999.000
202603181336,   0.346,   0.249,9999.000,9999.000,9999.000,9999.000,9999.000,9999.000,9999.000
202603181342,   0.318,   0.160,9999.000,9999.000,9999.000,9999.000,9999.000,9999.000,9999.000
202603181348,   0.302,   0.078,9999.000,9999.000,9999.000,9999.000,9999.000,9999.000,9999.000
202603181354,   0.301,   0.000,9999.000,9999.000,9999.000,9999.000,9999.000,9999.000,9999.000
202603181400,   0.315,  -0.088,  -0.300,  -0.103,  -0.088,  -0.500,  -0.288,   0.300,   0.512
202603181406,   0.345,  -0.160,9999.000,9999.000,9999.000,9999.000,9999.000,9999.000,9999.000
202603181412,   0.393,  -0.229,9999.000,9999.000,9999.000,9999.000,9999.000,9999.000,9999.000
202603181418,   0.459,  -0.288,9999.000,9999.000,9999.000,9999.000,9999.000,9999.000,9999.000
202603181424,   0.543,  -0.360,9999.000,9999.000,9999.000,9999.000,9999.000,9999.000,9999.000
202603181430,   0.647,  -0.409,9999.000,9999.000,9999.000,9999.000,9999.000,9999.000,9999.000
202603181436,   0.770,  -0.449,9999.000,9999.000,9999.000,9999.000,9999.000,9999.000,9999.000
202603181442,   0.912,  -0.478,9999.000,9999.000,9999.000,9999.000,9999.000,9999.000,9999.000
202603181448,   1.073,  -0.488,9999.000,9999.000,9999.000,9999.000,9999.000,9999.000,9999.000
202603181454,   1.253,  -0.439,9999.000,9999.000,9999.000,9999.000,9999.000,9999.000,9999.000
202603181500,   1.449,  -0.360,  -0.300,  -1.509,  -0.360,  -0.600,  -0.660,   0.300,   0.240
202603181506,   1.661,  -0.200,9999.000,9999.000,9999.000,9999.000,9999.000,9999.000,9999.000
202603181512,   1.888,   0.049,9999.000,9999.000,9999.000,9999.000,9999.000,9999.000,9999.000
202603181518,   2.127,   0.360,9999.000,9999.000,9999.000,9999.000,9999.000,9999.000,9999.000
202603181524,   2.378,   0.698,9999.000,9999.000,9999.000,9999.000,9999.000,9999.000,9999.000
202603181530,   2.638,   1.029,9999.000,9999.000,9999.000,9999.000,9999.000,9999.000,9999.000
202603181536,   2.905,   1.348,9999.000,9999.000,9999.000,9999.000,9999.000,9999.000,9999.000
202603181542,   3.176,   1.649,9999.000,9999.000,9999.000,9999.000,9999.000,9999.000,9999.000
202603181548,   3.451,   1.958,9999.000,9999.000,9999.000,9999.000,9999.000,9999.000,9999.000
202603181554,   3.727,   2.269,9999.000,9999.000,9999.000,9999.000,9999.000,9999.000,9999.000
202603181600,   4.001,   2.587,  -0.300,  -1.114,   2.587,  -0.600,   2.287,   0.300,   3.187
202603181606,   4.272,   2.919,9999.000,9999.000,9999.000,9999.000,9999.000,9999.000,9999.000
202603181612,   4.538,   3.250,9999.000,9999.000,9999.000,9999.000,9999.000,9999.000,9999.000
202603181618,   4.798,   3.568,9999.000,9999.000,9999.000,9999.000,9999.000,9999.000,9999.000
202603181624,   5.050,   3.860,9999.000,9999.000,9999.000,9999.000,9999.000,9999.000,9999.000
202603181630,   5.293,   4.149,9999.000,9999.000,9999.000,9999.000,9999.000,9999.000,9999.000
202603181636,   5.526,   4.408,9999.000,9999.000,9999.000,9999.000,9999.000,9999.000,9999.000
202603181642,   5.748,   4.647,9999.000,9999.000,9999.000,9999.000,9999.000,9999.000,9999.000
202603181648,   5.959,   4.857,9999.000,9999.000,9999.000,9999.000,9999.000,9999.000,9999.000
202603181654,   6.159,   5.047,9999.000,9999.000,9999.000,9999.000,9999.000,9999.000,9999.000
202603181700,   6.348,   5.228,  -0.300,  -0.820,   5.228,  -0.600,   4.928,   0.300,   5.828
202603181706,   6.525,   5.389,9999.000,9999.000,9999.000,9999.000,9999.000,9999.000,9999.000
202603181712,   6.691,   5.549,9999.000,9999.000,9999.000,9999.000,9999.000,9999.000,9999.000
202603181718,   6.846,   5.697,9999.000,9999.000,9999.000,9999.000,9999.000,9999.000,9999.000
202603181724,   6.991,   5.848,9999.000,9999.000,9999.000,9999.000,9999.000,9999.000,9999.000
202603181730,   7.127,   5.969,9999.000,9999.000,9999.000,9999.000,9999.000,9999.000,9999.000
202603181736,   7.253,   6.097,9999.000,9999.000,9999.000,9999.000,9999.000,9999.000,9999.000
202603181742,   7.370,   6.228,9999.000,9999.000,9999.000,9999.000,9999.000,9999.000,9999.000
202603181748,   7.480,   6.346,9999.000,9999.000,9999.000,9999.000,9999.000,9999.000,9999.000
202603181754,   7.581,   6.458,9999.000,9999.000,9999.000,9999.000,9999.000,9999.000,9999.000
202603181800,   7.675,   6.579,  -0.600,  -0.496,   6.579,  -0.700,   6.479,  -0.600,   6.579
202603181806,   7.763,   6.697,9999.000,9999.000,9999.000,9999.000,9999.000,9999.000,9999.000
202603181812,   7.843,   6.799,9999.000,9999.000,9999.000,9999.000,9999.000,9999.000,9999.000
202603181818,   7.915,   6.907,9999.000,9999.000,9999.000,9999.000,9999.000,9999.000,9999.000
202603181824,   7.981,   6.999,9999.000,9999.000,9999.000,9999.000,9999.000,9999.000,9999.000
202603181830,   8.040,   7.097,9999.000,9999.000,9999.000,9999.000,9999.000,9999.000,9999.000
202603181836,   8.091,   7.189,9999.000,9999.000,9999.000,9999.000,9999.000,9999.000,9999.000
202603181842,   8.133,   7.278,9999.000,9999.000,9999.000,9999.000,9999.000,9999.000,9999.000
202603181848,   8.168,   7.366,9999.000,9999.000,9999.000,9999.000,9999.000,9999.000,9999.000
